
SoP:
-0.03259691042307692
0.05518548280944034
-0.010307351114226114
0.07427604814734164
-0.01591364764938099
0.08822200917392856
0.020337885753986946
-0.11769659783956599
SoP:
0.02100254180389992
-0.04844227069886609
0.10518385835391278
0.0020142717881125923
-0.031150400341128908
0.03283203790631008
0.13386479986953542
0.030026193004180225
SoP:
0.013297723183087206
0.018997488671219094
-0.12665594451626977
-0.007495879422271095
-0.034536119244854446
-0.05439724769323934
0.12050372934088692
0.13609689681374182
SoP:
0.03744177015978967
0.07821310164904507
-0.11018212249288749
0.08414847843227358
-0.028712202707399787
0.09732782408681212
0.04418935852404462
0.15200314830573275
SoP:
0.16632283483556246
0.07469276696906037
0.0449275689352633
-0.00021478091915336055
0.07507784994794502
-0.012117884085049647
-0.09298338354245331
0.15366111369965538