
SoP_hw:
-0.03304458875209093
0.054592651315033436
-0.01961415447294712
0.0678862202912569
-0.01957307942211628
0.0729523180052638
0.027250681072473526
-0.11867018789052963
------------------------------------loop_HW0------------

input
0.249420166015625
0.087646484375
-0.0433349609375
-0.054901123046875
-0.572021484375
-0.198028564453125
-0.224700927734375
-0.162811279296875
-0.67449951171875
0.1103515625
-0.347564697265625
0.736236572265625
0.861846923828125
-0.1488037109375
0.299530029296875
-0.313018798828125
0.032745361328125
-0.28680419921875
0.252838134765625
-0.2244873046875
0.203765869140625
0.16656494140625
-0.23712158203125
0.01654052734375
-0.18695068359375
-0.142364501953125
0.029815673828125
-0.153289794921875
-0.23211669921875
0.13580322265625
-0.15625
0.165374755859375
0.53009033203125
-0.157073974609375
0.1790771484375
0.00177001953125
0.144134521484375
-0.1087646484375
0.100860595703125
-0.043975830078125
2^15 * input
8173.0
2872.0
-1420.0
-1799.0
-18744.0
-6489.0
-7363.0
-5335.0
-22102.0
3616.0
-11389.0
24125.0
28241.0
-4876.0
9815.0
-10257.0
1073.0
-9398.0
8285.0
-7356.0
6677.0
5458.0
-7770.0
542.0
-6126.0
-4665.0
977.0
-5023.0
-7606.0
4450.0
-5120.0
5419.0
17370.0
-5147.0
5868.0
58.0
4723.0
-3564.0
3305.0
-1441.0
laststates
0.0
0.0
0.0
0.0
0.0
0.0
0.0
0.0
2^19 * laststates
0.0
0.0
0.0
0.0
0.0
0.0
0.0
0.0
currstate
-0.03302955627441406
0.05453300476074219
-0.019603729248046875
0.06777381896972656
-0.019565582275390625
0.07282066345214844
0.0272369384765625
-0.11811256408691406
0.249420166015625
0.087646484375
-0.0433349609375
-0.054901123046875
-0.572021484375
-0.198028564453125
-0.224700927734375
-0.162811279296875
-0.67449951171875
0.1103515625
-0.347564697265625
0.736236572265625
0.861846923828125
-0.1488037109375
0.299530029296875
-0.313018798828125
0.032745361328125
-0.28680419921875
0.252838134765625
-0.2244873046875
0.203765869140625
0.16656494140625
-0.23712158203125
0.01654052734375
-0.18695068359375
-0.142364501953125
0.029815673828125
-0.153289794921875
-0.23211669921875
0.13580322265625
-0.15625
0.165374755859375
0.53009033203125
-0.157073974609375
0.1790771484375
0.00177001953125
0.144134521484375
-0.1087646484375
0.100860595703125
-0.043975830078125
2^19 * currstate
-17317.0
28591.0
-10278.0
35533.0
-10258.0
38179.0
14280.0
-61925.0
130768.0
45952.0
-22720.0
-28784.0
-299904.0
-103824.0
-117808.0
-85360.0
-353632.0
57856.0
-182224.0
386000.0
451856.0
-78016.0
157040.0
-164112.0
17168.0
-150368.0
132560.0
-117696.0
106832.0
87328.0
-124320.0
8672.0
-98016.0
-74640.0
15632.0
-80368.0
-121696.0
71200.0
-81920.0
86704.0
277920.0
-82352.0
93888.0
928.0
75568.0
-57024.0
52880.0
-23056.0
w_out
[ 4.2218750e+01  7.2500000e+01 -2.3218750e+01  8.3375000e+01
 -1.1109375e+02  1.6562500e+00 -1.3615625e+02 -4.1406250e+01
 -4.0625000e-01 -6.5312500e+00  1.0937500e+00 -1.3406250e+01
 -4.4062500e+00  1.3125000e+00 -1.2718750e+01 -1.1218750e+01
  3.1250000e-02 -1.6562500e+00  1.6000000e+01 -1.3593750e+01
 -2.7500000e+00  6.0937500e+00  5.0312500e+00 -2.0312500e+00
 -7.9687500e+00 -4.2812500e+00  2.3437500e+00 -4.1250000e+00
 -4.7187500e+00  1.2500000e-01  5.4687500e+00  1.3593750e+01
 -9.2812500e+00 -1.3937500e+01 -9.2500000e+00 -2.6250000e+00
  1.3000000e+01  5.8750000e+00 -2.3125000e+00 -1.8750000e-01
 -1.8437500e+00 -5.9375000e-01 -1.6562500e+01 -5.2812500e+00
  7.5937500e+00  8.1562500e+00 -8.4375000e+00 -3.6562500e+00]
[  -1.375     55.1875    43.       -44.625    -47.34375  -46.09375
 -215.3125   116.84375    5.65625   -7.03125   -1.15625  -14.53125
  -13.8125     8.90625  -14.3125    -5.53125    5.4375     4.71875
    8.53125   -8.65625    7.75      19.21875   25.5        2.3125
   -5.625     -5.125     16.09375   -9.1875   -10.625    -12.625
   -1.5625    13.625    -10.9375   -16.03125   -2.         5.65625
   -6.625     14.75      -9.53125   10.25      10.90625   12.5625
  -15.625     10.28125   -7.28125    7.96875   -8.78125   -9.28125]
[  0.75     17.53125  18.84375 -63.875    37.3125  -48.8125  -49.34375
  85.8125    4.875     0.96875  -2.40625  -2.65625  -6.75      4.6875
  -2.84375   2.6875    0.6875    4.8125   -0.65625  -0.4375    5.375
  10.6875   11.5625    5.78125   1.84375   1.15625  10.1875   -2.75
  -2.15625  -7.125    -1.3125    1.       -2.375    -2.6875    3.78125
   2.1875   -7.1875    7.25     -5.25      5.71875   4.9375    6.28125
   0.21875   7.34375  -4.9375    1.90625   1.125    -3.4375 ]
[ -9.125   -28.4375   15.3125   39.0625    9.0625   -5.4375  132.75
 -24.375    -3.4375    3.40625   3.15625   6.5625    7.90625  -5.09375
   9.03125  -0.84375  -1.28125  -4.03125  -2.34375   9.59375  -1.
  -7.0625   -9.5       0.59375   0.59375   3.34375  -7.34375   2.125
   6.84375   1.03125   3.46875  -5.40625   3.25      8.46875  -1.59375
  -3.375     3.65625  -8.40625   3.65625  -5.59375  -6.96875  -8.15625
   8.34375  -2.28125   2.1875   -8.21875   6.5       3.78125]
2^-6 * w_out
[ 6.59667969e-01  1.13281250e+00 -3.62792969e-01  1.30273438e+00
 -1.73583984e+00  2.58789062e-02 -2.12744141e+00 -6.46972656e-01
 -6.34765625e-03 -1.02050781e-01  1.70898438e-02 -2.09472656e-01
 -6.88476562e-02  2.05078125e-02 -1.98730469e-01 -1.75292969e-01
  4.88281250e-04 -2.58789062e-02  2.50000000e-01 -2.12402344e-01
 -4.29687500e-02  9.52148438e-02  7.86132812e-02 -3.17382812e-02
 -1.24511719e-01 -6.68945312e-02  3.66210938e-02 -6.44531250e-02
 -7.37304688e-02  1.95312500e-03  8.54492188e-02  2.12402344e-01
 -1.45019531e-01 -2.17773438e-01 -1.44531250e-01 -4.10156250e-02
  2.03125000e-01  9.17968750e-02 -3.61328125e-02 -2.92968750e-03
 -2.88085938e-02 -9.27734375e-03 -2.58789062e-01 -8.25195312e-02
  1.18652344e-01  1.27441406e-01 -1.31835938e-01 -5.71289062e-02]
[-0.02148438  0.86230469  0.671875   -0.69726562 -0.73974609 -0.72021484
 -3.36425781  1.82568359  0.08837891 -0.10986328 -0.01806641 -0.22705078
 -0.21582031  0.13916016 -0.22363281 -0.08642578  0.08496094  0.07373047
  0.13330078 -0.13525391  0.12109375  0.30029297  0.3984375   0.03613281
 -0.08789062 -0.08007812  0.25146484 -0.14355469 -0.16601562 -0.19726562
 -0.02441406  0.21289062 -0.17089844 -0.25048828 -0.03125     0.08837891
 -0.10351562  0.23046875 -0.14892578  0.16015625  0.17041016  0.19628906
 -0.24414062  0.16064453 -0.11376953  0.12451172 -0.13720703 -0.14501953]
[ 0.01171875  0.27392578  0.29443359 -0.99804688  0.58300781 -0.76269531
 -0.77099609  1.34082031  0.07617188  0.01513672 -0.03759766 -0.04150391
 -0.10546875  0.07324219 -0.04443359  0.04199219  0.01074219  0.07519531
 -0.01025391 -0.00683594  0.08398438  0.16699219  0.18066406  0.09033203
  0.02880859  0.01806641  0.15917969 -0.04296875 -0.03369141 -0.11132812
 -0.02050781  0.015625   -0.03710938 -0.04199219  0.05908203  0.03417969
 -0.11230469  0.11328125 -0.08203125  0.08935547  0.07714844  0.09814453
  0.00341797  0.11474609 -0.07714844  0.02978516  0.01757812 -0.05371094]
[-0.14257812 -0.44433594  0.23925781  0.61035156  0.14160156 -0.08496094
  2.07421875 -0.38085938 -0.05371094  0.05322266  0.04931641  0.10253906
  0.12353516 -0.07958984  0.14111328 -0.01318359 -0.02001953 -0.06298828
 -0.03662109  0.14990234 -0.015625   -0.11035156 -0.1484375   0.00927734
  0.00927734  0.05224609 -0.11474609  0.03320312  0.10693359  0.01611328
  0.05419922 -0.08447266  0.05078125  0.13232422 -0.02490234 -0.05273438
  0.05712891 -0.13134766  0.05712891 -0.08740234 -0.10888672 -0.12744141
  0.13037109 -0.03564453  0.03417969 -0.12841797  0.1015625   0.05908203]
predict
0.28136634826660156
-0.2576484680175781
-2.501941680908203
-0.6608486175537109
2^13 * predict
2304.953125
-2110.65625
-20495.90625
-5413.671875
SoP_hw:
0.02252950967522338
-0.04872767033521086
0.10440112120704725
0.0013694419176317751
-0.032106283702887595
0.032835209858603776
0.13432278344407678
0.030599632707890123
------------------------------------loop_HW1------------

input
-0.0433349609375
-0.054901123046875
-0.572021484375
-0.198028564453125
-0.224700927734375
-0.162811279296875
-0.67449951171875
0.1103515625
-0.347564697265625
0.736236572265625
0.861846923828125
-0.1488037109375
0.299530029296875
-0.313018798828125
0.032745361328125
-0.28680419921875
0.252838134765625
-0.2244873046875
0.15679931640625
-0.233428955078125
-0.23712158203125
0.01654052734375
-0.18695068359375
-0.142364501953125
0.029815673828125
-0.153289794921875
-0.23211669921875
0.13580322265625
-0.15625
0.165374755859375
0.53009033203125
-0.157073974609375
0.1790771484375
0.00177001953125
0.144134521484375
-0.1087646484375
0.100860595703125
-0.043975830078125
0.03045654296875
-0.013336181640625
2^15 * input
-1420.0
-1799.0
-18744.0
-6489.0
-7363.0
-5335.0
-22102.0
3616.0
-11389.0
24125.0
28241.0
-4876.0
9815.0
-10257.0
1073.0
-9398.0
8285.0
-7356.0
5138.0
-7649.0
-7770.0
542.0
-6126.0
-4665.0
977.0
-5023.0
-7606.0
4450.0
-5120.0
5419.0
17370.0
-5147.0
5868.0
58.0
4723.0
-3564.0
3305.0
-1441.0
998.0
-437.0
laststates
-0.03302955627441406
0.05453300476074219
-0.019603729248046875
0.06777381896972656
-0.019565582275390625
0.07282066345214844
0.0272369384765625
-0.11811256408691406
2^19 * laststates
-17317.0
28591.0
-10278.0
35533.0
-10258.0
38179.0
14280.0
-61925.0
currstate
0.022516250610351562
-0.04868125915527344
0.10402107238769531
0.0013637542724609375
-0.032093048095703125
0.03281593322753906
0.1335124969482422
0.030584335327148438
-0.0433349609375
-0.054901123046875
-0.572021484375
-0.198028564453125
-0.224700927734375
-0.162811279296875
-0.67449951171875
0.1103515625
-0.347564697265625
0.736236572265625
0.861846923828125
-0.1488037109375
0.299530029296875
-0.313018798828125
0.032745361328125
-0.28680419921875
0.252838134765625
-0.2244873046875
0.15679931640625
-0.233428955078125
-0.23712158203125
0.01654052734375
-0.18695068359375
-0.142364501953125
0.029815673828125
-0.153289794921875
-0.23211669921875
0.13580322265625
-0.15625
0.165374755859375
0.53009033203125
-0.157073974609375
0.1790771484375
0.00177001953125
0.144134521484375
-0.1087646484375
0.100860595703125
-0.043975830078125
0.03045654296875
-0.013336181640625
2^19 * currstate
11805.0
-25523.0
54537.0
715.0
-16826.0
17205.0
69999.0
16035.0
-22720.0
-28784.0
-299904.0
-103824.0
-117808.0
-85360.0
-353632.0
57856.0
-182224.0
386000.0
451856.0
-78016.0
157040.0
-164112.0
17168.0
-150368.0
132560.0
-117696.0
82208.0
-122384.0
-124320.0
8672.0
-98016.0
-74640.0
15632.0
-80368.0
-121696.0
71200.0
-81920.0
86704.0
277920.0
-82352.0
93888.0
928.0
75568.0
-57024.0
52880.0
-23056.0
15968.0
-6992.0
w_out
[ 4.2218750e+01  7.2500000e+01 -2.3218750e+01  8.3375000e+01
 -1.1109375e+02  1.6562500e+00 -1.3615625e+02 -4.1406250e+01
 -4.0625000e-01 -6.5312500e+00  1.0937500e+00 -1.3406250e+01
 -4.4062500e+00  1.3125000e+00 -1.2718750e+01 -1.1218750e+01
  3.1250000e-02 -1.6562500e+00  1.6000000e+01 -1.3593750e+01
 -2.7500000e+00  6.0937500e+00  5.0312500e+00 -2.0312500e+00
 -7.9687500e+00 -4.2812500e+00  2.3437500e+00 -4.1250000e+00
 -4.7187500e+00  1.2500000e-01  5.4687500e+00  1.3593750e+01
 -9.2812500e+00 -1.3937500e+01 -9.2500000e+00 -2.6250000e+00
  1.3000000e+01  5.8750000e+00 -2.3125000e+00 -1.8750000e-01
 -1.8437500e+00 -5.9375000e-01 -1.6562500e+01 -5.2812500e+00
  7.5937500e+00  8.1562500e+00 -8.4375000e+00 -3.6562500e+00]
[  -1.375     55.1875    43.       -44.625    -47.34375  -46.09375
 -215.3125   116.84375    5.65625   -7.03125   -1.15625  -14.53125
  -13.8125     8.90625  -14.3125    -5.53125    5.4375     4.71875
    8.53125   -8.65625    7.75      19.21875   25.5        2.3125
   -5.625     -5.125     16.09375   -9.1875   -10.625    -12.625
   -1.5625    13.625    -10.9375   -16.03125   -2.         5.65625
   -6.625     14.75      -9.53125   10.25      10.90625   12.5625
  -15.625     10.28125   -7.28125    7.96875   -8.78125   -9.28125]
[  0.75     17.53125  18.84375 -63.875    37.3125  -48.8125  -49.34375
  85.8125    4.875     0.96875  -2.40625  -2.65625  -6.75      4.6875
  -2.84375   2.6875    0.6875    4.8125   -0.65625  -0.4375    5.375
  10.6875   11.5625    5.78125   1.84375   1.15625  10.1875   -2.75
  -2.15625  -7.125    -1.3125    1.       -2.375    -2.6875    3.78125
   2.1875   -7.1875    7.25     -5.25      5.71875   4.9375    6.28125
   0.21875   7.34375  -4.9375    1.90625   1.125    -3.4375 ]
[ -9.125   -28.4375   15.3125   39.0625    9.0625   -5.4375  132.75
 -24.375    -3.4375    3.40625   3.15625   6.5625    7.90625  -5.09375
   9.03125  -0.84375  -1.28125  -4.03125  -2.34375   9.59375  -1.
  -7.0625   -9.5       0.59375   0.59375   3.34375  -7.34375   2.125
   6.84375   1.03125   3.46875  -5.40625   3.25      8.46875  -1.59375
  -3.375     3.65625  -8.40625   3.65625  -5.59375  -6.96875  -8.15625
   8.34375  -2.28125   2.1875   -8.21875   6.5       3.78125]
2^-6 * w_out
[ 6.59667969e-01  1.13281250e+00 -3.62792969e-01  1.30273438e+00
 -1.73583984e+00  2.58789062e-02 -2.12744141e+00 -6.46972656e-01
 -6.34765625e-03 -1.02050781e-01  1.70898438e-02 -2.09472656e-01
 -6.88476562e-02  2.05078125e-02 -1.98730469e-01 -1.75292969e-01
  4.88281250e-04 -2.58789062e-02  2.50000000e-01 -2.12402344e-01
 -4.29687500e-02  9.52148438e-02  7.86132812e-02 -3.17382812e-02
 -1.24511719e-01 -6.68945312e-02  3.66210938e-02 -6.44531250e-02
 -7.37304688e-02  1.95312500e-03  8.54492188e-02  2.12402344e-01
 -1.45019531e-01 -2.17773438e-01 -1.44531250e-01 -4.10156250e-02
  2.03125000e-01  9.17968750e-02 -3.61328125e-02 -2.92968750e-03
 -2.88085938e-02 -9.27734375e-03 -2.58789062e-01 -8.25195312e-02
  1.18652344e-01  1.27441406e-01 -1.31835938e-01 -5.71289062e-02]
[-0.02148438  0.86230469  0.671875   -0.69726562 -0.73974609 -0.72021484
 -3.36425781  1.82568359  0.08837891 -0.10986328 -0.01806641 -0.22705078
 -0.21582031  0.13916016 -0.22363281 -0.08642578  0.08496094  0.07373047
  0.13330078 -0.13525391  0.12109375  0.30029297  0.3984375   0.03613281
 -0.08789062 -0.08007812  0.25146484 -0.14355469 -0.16601562 -0.19726562
 -0.02441406  0.21289062 -0.17089844 -0.25048828 -0.03125     0.08837891
 -0.10351562  0.23046875 -0.14892578  0.16015625  0.17041016  0.19628906
 -0.24414062  0.16064453 -0.11376953  0.12451172 -0.13720703 -0.14501953]
[ 0.01171875  0.27392578  0.29443359 -0.99804688  0.58300781 -0.76269531
 -0.77099609  1.34082031  0.07617188  0.01513672 -0.03759766 -0.04150391
 -0.10546875  0.07324219 -0.04443359  0.04199219  0.01074219  0.07519531
 -0.01025391 -0.00683594  0.08398438  0.16699219  0.18066406  0.09033203
  0.02880859  0.01806641  0.15917969 -0.04296875 -0.03369141 -0.11132812
 -0.02050781  0.015625   -0.03710938 -0.04199219  0.05908203  0.03417969
 -0.11230469  0.11328125 -0.08203125  0.08935547  0.07714844  0.09814453
  0.00341797  0.11474609 -0.07714844  0.02978516  0.01757812 -0.05371094]
[-0.14257812 -0.44433594  0.23925781  0.61035156  0.14160156 -0.08496094
  2.07421875 -0.38085938 -0.05371094  0.05322266  0.04931641  0.10253906
  0.12353516 -0.07958984  0.14111328 -0.01318359 -0.02001953 -0.06298828
 -0.03662109  0.14990234 -0.015625   -0.11035156 -0.1484375   0.00927734
  0.00927734  0.05224609 -0.11474609  0.03320312  0.10693359  0.01611328
  0.05419922 -0.08447266  0.05078125  0.13232422 -0.02490234 -0.05273438
  0.05712891 -0.13134766  0.05712891 -0.08740234 -0.10888672 -0.12744141
  0.13037109 -0.03564453  0.03417969 -0.12841797  0.1015625   0.05908203]
predict
0.30448341369628906
0.2187023162841797
-0.3611946105957031
1.2696666717529297
2^13 * predict
2494.328125
1791.609375
-2958.90625
10401.109375
SoP_hw:
0.013409560837317258
0.01902103761676699
-0.1265899579739198
-0.0073647930403240025
-0.03441932867281139
-0.05427189206238836
0.1205023318179883
0.1361097025219351
------------------------------------loop_HW2------------

input
-0.572021484375
-0.198028564453125
-0.224700927734375
-0.162811279296875
-0.67449951171875
0.1103515625
-0.347564697265625
0.736236572265625
0.861846923828125
-0.1488037109375
0.299530029296875
-0.313018798828125
0.032745361328125
-0.28680419921875
0.252838134765625
-0.2244873046875
0.15679931640625
-0.233428955078125
-0.256256103515625
0.262603759765625
-0.18695068359375
-0.142364501953125
0.029815673828125
-0.153289794921875
-0.23211669921875
0.13580322265625
-0.15625
0.165374755859375
0.53009033203125
-0.157073974609375
0.1790771484375
0.00177001953125
0.144134521484375
-0.1087646484375
0.100860595703125
-0.043975830078125
0.03045654296875
-0.013336181640625
-0.125518798828125
0.169921875
2^15 * input
-18744.0
-6489.0
-7363.0
-5335.0
-22102.0
3616.0
-11389.0
24125.0
28241.0
-4876.0
9815.0
-10257.0
1073.0
-9398.0
8285.0
-7356.0
5138.0
-7649.0
-8397.0
8605.0
-6126.0
-4665.0
977.0
-5023.0
-7606.0
4450.0
-5120.0
5419.0
17370.0
-5147.0
5868.0
58.0
4723.0
-3564.0
3305.0
-1441.0
998.0
-437.0
-4113.0
5568.0
laststates
0.022516250610351562
-0.04868125915527344
0.10402107238769531
0.0013637542724609375
-0.032093048095703125
0.03281593322753906
0.1335124969482422
0.030584335327148438
2^19 * laststates
11805.0
-25523.0
54537.0
715.0
-16826.0
17205.0
69999.0
16035.0
currstate
0.013402938842773438
0.019016265869140625
-0.1259136199951172
-0.0073604583740234375
-0.03440093994140625
-0.05421257019042969
0.11991691589355469
0.1352710723876953
-0.572021484375
-0.198028564453125
-0.224700927734375
-0.162811279296875
-0.67449951171875
0.1103515625
-0.347564697265625
0.736236572265625
0.861846923828125
-0.1488037109375
0.299530029296875
-0.313018798828125
0.032745361328125
-0.28680419921875
0.252838134765625
-0.2244873046875
0.15679931640625
-0.233428955078125
-0.256256103515625
0.262603759765625
-0.18695068359375
-0.142364501953125
0.029815673828125
-0.153289794921875
-0.23211669921875
0.13580322265625
-0.15625
0.165374755859375
0.53009033203125
-0.157073974609375
0.1790771484375
0.00177001953125
0.144134521484375
-0.1087646484375
0.100860595703125
-0.043975830078125
0.03045654296875
-0.013336181640625
-0.125518798828125
0.169921875
2^19 * currstate
7027.0
9970.0
-66015.0
-3859.0
-18036.0
-28423.0
62871.0
70921.0
-299904.0
-103824.0
-117808.0
-85360.0
-353632.0
57856.0
-182224.0
386000.0
451856.0
-78016.0
157040.0
-164112.0
17168.0
-150368.0
132560.0
-117696.0
82208.0
-122384.0
-134352.0
137680.0
-98016.0
-74640.0
15632.0
-80368.0
-121696.0
71200.0
-81920.0
86704.0
277920.0
-82352.0
93888.0
928.0
75568.0
-57024.0
52880.0
-23056.0
15968.0
-6992.0
-65808.0
89088.0
w_out
[ 4.2218750e+01  7.2500000e+01 -2.3218750e+01  8.3375000e+01
 -1.1109375e+02  1.6562500e+00 -1.3615625e+02 -4.1406250e+01
 -4.0625000e-01 -6.5312500e+00  1.0937500e+00 -1.3406250e+01
 -4.4062500e+00  1.3125000e+00 -1.2718750e+01 -1.1218750e+01
  3.1250000e-02 -1.6562500e+00  1.6000000e+01 -1.3593750e+01
 -2.7500000e+00  6.0937500e+00  5.0312500e+00 -2.0312500e+00
 -7.9687500e+00 -4.2812500e+00  2.3437500e+00 -4.1250000e+00
 -4.7187500e+00  1.2500000e-01  5.4687500e+00  1.3593750e+01
 -9.2812500e+00 -1.3937500e+01 -9.2500000e+00 -2.6250000e+00
  1.3000000e+01  5.8750000e+00 -2.3125000e+00 -1.8750000e-01
 -1.8437500e+00 -5.9375000e-01 -1.6562500e+01 -5.2812500e+00
  7.5937500e+00  8.1562500e+00 -8.4375000e+00 -3.6562500e+00]
[  -1.375     55.1875    43.       -44.625    -47.34375  -46.09375
 -215.3125   116.84375    5.65625   -7.03125   -1.15625  -14.53125
  -13.8125     8.90625  -14.3125    -5.53125    5.4375     4.71875
    8.53125   -8.65625    7.75      19.21875   25.5        2.3125
   -5.625     -5.125     16.09375   -9.1875   -10.625    -12.625
   -1.5625    13.625    -10.9375   -16.03125   -2.         5.65625
   -6.625     14.75      -9.53125   10.25      10.90625   12.5625
  -15.625     10.28125   -7.28125    7.96875   -8.78125   -9.28125]
[  0.75     17.53125  18.84375 -63.875    37.3125  -48.8125  -49.34375
  85.8125    4.875     0.96875  -2.40625  -2.65625  -6.75      4.6875
  -2.84375   2.6875    0.6875    4.8125   -0.65625  -0.4375    5.375
  10.6875   11.5625    5.78125   1.84375   1.15625  10.1875   -2.75
  -2.15625  -7.125    -1.3125    1.       -2.375    -2.6875    3.78125
   2.1875   -7.1875    7.25     -5.25      5.71875   4.9375    6.28125
   0.21875   7.34375  -4.9375    1.90625   1.125    -3.4375 ]
[ -9.125   -28.4375   15.3125   39.0625    9.0625   -5.4375  132.75
 -24.375    -3.4375    3.40625   3.15625   6.5625    7.90625  -5.09375
   9.03125  -0.84375  -1.28125  -4.03125  -2.34375   9.59375  -1.
  -7.0625   -9.5       0.59375   0.59375   3.34375  -7.34375   2.125
   6.84375   1.03125   3.46875  -5.40625   3.25      8.46875  -1.59375
  -3.375     3.65625  -8.40625   3.65625  -5.59375  -6.96875  -8.15625
   8.34375  -2.28125   2.1875   -8.21875   6.5       3.78125]
2^-6 * w_out
[ 6.59667969e-01  1.13281250e+00 -3.62792969e-01  1.30273438e+00
 -1.73583984e+00  2.58789062e-02 -2.12744141e+00 -6.46972656e-01
 -6.34765625e-03 -1.02050781e-01  1.70898438e-02 -2.09472656e-01
 -6.88476562e-02  2.05078125e-02 -1.98730469e-01 -1.75292969e-01
  4.88281250e-04 -2.58789062e-02  2.50000000e-01 -2.12402344e-01
 -4.29687500e-02  9.52148438e-02  7.86132812e-02 -3.17382812e-02
 -1.24511719e-01 -6.68945312e-02  3.66210938e-02 -6.44531250e-02
 -7.37304688e-02  1.95312500e-03  8.54492188e-02  2.12402344e-01
 -1.45019531e-01 -2.17773438e-01 -1.44531250e-01 -4.10156250e-02
  2.03125000e-01  9.17968750e-02 -3.61328125e-02 -2.92968750e-03
 -2.88085938e-02 -9.27734375e-03 -2.58789062e-01 -8.25195312e-02
  1.18652344e-01  1.27441406e-01 -1.31835938e-01 -5.71289062e-02]
[-0.02148438  0.86230469  0.671875   -0.69726562 -0.73974609 -0.72021484
 -3.36425781  1.82568359  0.08837891 -0.10986328 -0.01806641 -0.22705078
 -0.21582031  0.13916016 -0.22363281 -0.08642578  0.08496094  0.07373047
  0.13330078 -0.13525391  0.12109375  0.30029297  0.3984375   0.03613281
 -0.08789062 -0.08007812  0.25146484 -0.14355469 -0.16601562 -0.19726562
 -0.02441406  0.21289062 -0.17089844 -0.25048828 -0.03125     0.08837891
 -0.10351562  0.23046875 -0.14892578  0.16015625  0.17041016  0.19628906
 -0.24414062  0.16064453 -0.11376953  0.12451172 -0.13720703 -0.14501953]
[ 0.01171875  0.27392578  0.29443359 -0.99804688  0.58300781 -0.76269531
 -0.77099609  1.34082031  0.07617188  0.01513672 -0.03759766 -0.04150391
 -0.10546875  0.07324219 -0.04443359  0.04199219  0.01074219  0.07519531
 -0.01025391 -0.00683594  0.08398438  0.16699219  0.18066406  0.09033203
  0.02880859  0.01806641  0.15917969 -0.04296875 -0.03369141 -0.11132812
 -0.02050781  0.015625   -0.03710938 -0.04199219  0.05908203  0.03417969
 -0.11230469  0.11328125 -0.08203125  0.08935547  0.07714844  0.09814453
  0.00341797  0.11474609 -0.07714844  0.02978516  0.01757812 -0.05371094]
[-0.14257812 -0.44433594  0.23925781  0.61035156  0.14160156 -0.08496094
  2.07421875 -0.38085938 -0.05371094  0.05322266  0.04931641  0.10253906
  0.12353516 -0.07958984  0.14111328 -0.01318359 -0.02001953 -0.06298828
 -0.03662109  0.14990234 -0.015625   -0.11035156 -0.1484375   0.00927734
  0.00927734  0.05224609 -0.11474609  0.03320312  0.10693359  0.01611328
  0.05419922 -0.08447266  0.05078125  0.13232422 -0.02490234 -0.05273438
  0.05712891 -0.13134766  0.05712891 -0.08740234 -0.10888672 -0.12744141
  0.13037109 -0.03564453  0.03417969 -0.12841797  0.1015625   0.05908203]
predict
0.766845703125
-1.145212173461914
0.8937759399414062
0.909149169921875
2^13 * predict
6282.0
-9381.578125
7321.8125
7447.75
SoP_hw:
0.037427470029797405
0.07817990268813446
-0.11013088590698317
0.08412439259700477
-0.028654873021878302
0.09725556877674535
0.044182729499880224
0.15191074961330742
------------------------------------loop_HW3------------

input
-0.224700927734375
-0.162811279296875
-0.67449951171875
0.1103515625
-0.347564697265625
0.736236572265625
0.861846923828125
-0.1488037109375
0.299530029296875
-0.313018798828125
0.032745361328125
-0.28680419921875
0.252838134765625
-0.2244873046875
0.15679931640625
-0.233428955078125
-0.256256103515625
0.262603759765625
-0.07080078125
0.22314453125
0.029815673828125
-0.153289794921875
-0.23211669921875
0.13580322265625
-0.15625
0.165374755859375
0.53009033203125
-0.157073974609375
0.1790771484375
0.00177001953125
0.144134521484375
-0.1087646484375
0.100860595703125
-0.043975830078125
0.03045654296875
-0.013336181640625
-0.125518798828125
0.169921875
-0.019683837890625
0.094268798828125
2^15 * input
-7363.0
-5335.0
-22102.0
3616.0
-11389.0
24125.0
28241.0
-4876.0
9815.0
-10257.0
1073.0
-9398.0
8285.0
-7356.0
5138.0
-7649.0
-8397.0
8605.0
-2320.0
7312.0
977.0
-5023.0
-7606.0
4450.0
-5120.0
5419.0
17370.0
-5147.0
5868.0
58.0
4723.0
-3564.0
3305.0
-1441.0
998.0
-437.0
-4113.0
5568.0
-645.0
3089.0
laststates
0.013402938842773438
0.019016265869140625
-0.1259136199951172
-0.0073604583740234375
-0.03440093994140625
-0.05421257019042969
0.11991691589355469
0.1352710723876953
2^19 * laststates
7027.0
9970.0
-66015.0
-3859.0
-18036.0
-28423.0
62871.0
70921.0
currstate
0.037403106689453125
0.0780181884765625
-0.10968589782714844
0.08392333984375
-0.028638839721679688
0.09694671630859375
0.04415130615234375
0.15074920654296875
-0.224700927734375
-0.162811279296875
-0.67449951171875
0.1103515625
-0.347564697265625
0.736236572265625
0.861846923828125
-0.1488037109375
0.299530029296875
-0.313018798828125
0.032745361328125
-0.28680419921875
0.252838134765625
-0.2244873046875
0.15679931640625
-0.233428955078125
-0.256256103515625
0.262603759765625
-0.07080078125
0.22314453125
0.029815673828125
-0.153289794921875
-0.23211669921875
0.13580322265625
-0.15625
0.165374755859375
0.53009033203125
-0.157073974609375
0.1790771484375
0.00177001953125
0.144134521484375
-0.1087646484375
0.100860595703125
-0.043975830078125
0.03045654296875
-0.013336181640625
-0.125518798828125
0.169921875
-0.019683837890625
0.094268798828125
2^19 * currstate
19610.0
40904.0
-57507.0
44000.0
-15015.0
50828.0
23148.0
79036.0
-117808.0
-85360.0
-353632.0
57856.0
-182224.0
386000.0
451856.0
-78016.0
157040.0
-164112.0
17168.0
-150368.0
132560.0
-117696.0
82208.0
-122384.0
-134352.0
137680.0
-37120.0
116992.0
15632.0
-80368.0
-121696.0
71200.0
-81920.0
86704.0
277920.0
-82352.0
93888.0
928.0
75568.0
-57024.0
52880.0
-23056.0
15968.0
-6992.0
-65808.0
89088.0
-10320.0
49424.0
w_out
[ 4.2218750e+01  7.2500000e+01 -2.3218750e+01  8.3375000e+01
 -1.1109375e+02  1.6562500e+00 -1.3615625e+02 -4.1406250e+01
 -4.0625000e-01 -6.5312500e+00  1.0937500e+00 -1.3406250e+01
 -4.4062500e+00  1.3125000e+00 -1.2718750e+01 -1.1218750e+01
  3.1250000e-02 -1.6562500e+00  1.6000000e+01 -1.3593750e+01
 -2.7500000e+00  6.0937500e+00  5.0312500e+00 -2.0312500e+00
 -7.9687500e+00 -4.2812500e+00  2.3437500e+00 -4.1250000e+00
 -4.7187500e+00  1.2500000e-01  5.4687500e+00  1.3593750e+01
 -9.2812500e+00 -1.3937500e+01 -9.2500000e+00 -2.6250000e+00
  1.3000000e+01  5.8750000e+00 -2.3125000e+00 -1.8750000e-01
 -1.8437500e+00 -5.9375000e-01 -1.6562500e+01 -5.2812500e+00
  7.5937500e+00  8.1562500e+00 -8.4375000e+00 -3.6562500e+00]
[  -1.375     55.1875    43.       -44.625    -47.34375  -46.09375
 -215.3125   116.84375    5.65625   -7.03125   -1.15625  -14.53125
  -13.8125     8.90625  -14.3125    -5.53125    5.4375     4.71875
    8.53125   -8.65625    7.75      19.21875   25.5        2.3125
   -5.625     -5.125     16.09375   -9.1875   -10.625    -12.625
   -1.5625    13.625    -10.9375   -16.03125   -2.         5.65625
   -6.625     14.75      -9.53125   10.25      10.90625   12.5625
  -15.625     10.28125   -7.28125    7.96875   -8.78125   -9.28125]
[  0.75     17.53125  18.84375 -63.875    37.3125  -48.8125  -49.34375
  85.8125    4.875     0.96875  -2.40625  -2.65625  -6.75      4.6875
  -2.84375   2.6875    0.6875    4.8125   -0.65625  -0.4375    5.375
  10.6875   11.5625    5.78125   1.84375   1.15625  10.1875   -2.75
  -2.15625  -7.125    -1.3125    1.       -2.375    -2.6875    3.78125
   2.1875   -7.1875    7.25     -5.25      5.71875   4.9375    6.28125
   0.21875   7.34375  -4.9375    1.90625   1.125    -3.4375 ]
[ -9.125   -28.4375   15.3125   39.0625    9.0625   -5.4375  132.75
 -24.375    -3.4375    3.40625   3.15625   6.5625    7.90625  -5.09375
   9.03125  -0.84375  -1.28125  -4.03125  -2.34375   9.59375  -1.
  -7.0625   -9.5       0.59375   0.59375   3.34375  -7.34375   2.125
   6.84375   1.03125   3.46875  -5.40625   3.25      8.46875  -1.59375
  -3.375     3.65625  -8.40625   3.65625  -5.59375  -6.96875  -8.15625
   8.34375  -2.28125   2.1875   -8.21875   6.5       3.78125]
2^-6 * w_out
[ 6.59667969e-01  1.13281250e+00 -3.62792969e-01  1.30273438e+00
 -1.73583984e+00  2.58789062e-02 -2.12744141e+00 -6.46972656e-01
 -6.34765625e-03 -1.02050781e-01  1.70898438e-02 -2.09472656e-01
 -6.88476562e-02  2.05078125e-02 -1.98730469e-01 -1.75292969e-01
  4.88281250e-04 -2.58789062e-02  2.50000000e-01 -2.12402344e-01
 -4.29687500e-02  9.52148438e-02  7.86132812e-02 -3.17382812e-02
 -1.24511719e-01 -6.68945312e-02  3.66210938e-02 -6.44531250e-02
 -7.37304688e-02  1.95312500e-03  8.54492188e-02  2.12402344e-01
 -1.45019531e-01 -2.17773438e-01 -1.44531250e-01 -4.10156250e-02
  2.03125000e-01  9.17968750e-02 -3.61328125e-02 -2.92968750e-03
 -2.88085938e-02 -9.27734375e-03 -2.58789062e-01 -8.25195312e-02
  1.18652344e-01  1.27441406e-01 -1.31835938e-01 -5.71289062e-02]
[-0.02148438  0.86230469  0.671875   -0.69726562 -0.73974609 -0.72021484
 -3.36425781  1.82568359  0.08837891 -0.10986328 -0.01806641 -0.22705078
 -0.21582031  0.13916016 -0.22363281 -0.08642578  0.08496094  0.07373047
  0.13330078 -0.13525391  0.12109375  0.30029297  0.3984375   0.03613281
 -0.08789062 -0.08007812  0.25146484 -0.14355469 -0.16601562 -0.19726562
 -0.02441406  0.21289062 -0.17089844 -0.25048828 -0.03125     0.08837891
 -0.10351562  0.23046875 -0.14892578  0.16015625  0.17041016  0.19628906
 -0.24414062  0.16064453 -0.11376953  0.12451172 -0.13720703 -0.14501953]
[ 0.01171875  0.27392578  0.29443359 -0.99804688  0.58300781 -0.76269531
 -0.77099609  1.34082031  0.07617188  0.01513672 -0.03759766 -0.04150391
 -0.10546875  0.07324219 -0.04443359  0.04199219  0.01074219  0.07519531
 -0.01025391 -0.00683594  0.08398438  0.16699219  0.18066406  0.09033203
  0.02880859  0.01806641  0.15917969 -0.04296875 -0.03369141 -0.11132812
 -0.02050781  0.015625   -0.03710938 -0.04199219  0.05908203  0.03417969
 -0.11230469  0.11328125 -0.08203125  0.08935547  0.07714844  0.09814453
  0.00341797  0.11474609 -0.07714844  0.02978516  0.01757812 -0.05371094]
[-0.14257812 -0.44433594  0.23925781  0.61035156  0.14160156 -0.08496094
  2.07421875 -0.38085938 -0.05371094  0.05322266  0.04931641  0.10253906
  0.12353516 -0.07958984  0.14111328 -0.01318359 -0.02001953 -0.06298828
 -0.03662109  0.14990234 -0.015625   -0.11035156 -0.1484375   0.00927734
  0.00927734  0.05224609 -0.11474609  0.03320312  0.10693359  0.01611328
  0.05419922 -0.08447266  0.05078125  0.13232422 -0.02490234 -0.05273438
  0.05712891 -0.13134766  0.05712891 -0.08740234 -0.10888672 -0.12744141
  0.13037109 -0.03564453  0.03417969 -0.12841797  0.1015625   0.05908203]
predict
0.7496013641357422
-0.600860595703125
-0.19795989990234375
-0.5053596496582031
2^13 * predict
6140.734375
-4922.25
-1621.6875
-4139.90625
SoP_hw:
0.16624625906115398
0.07464096375042573
0.04491847986355424
-0.00019412091933190823
0.0750841173576191
-0.012124934582971036
-0.09296676790108904
0.15357274294365197
------------------------------------loop_HW4------------

input
-0.67449951171875
0.1103515625
-0.347564697265625
0.736236572265625
0.861846923828125
-0.1488037109375
0.299530029296875
-0.313018798828125
0.032745361328125
-0.28680419921875
0.252838134765625
-0.2244873046875
0.15679931640625
-0.233428955078125
-0.256256103515625
0.262603759765625
-0.07080078125
0.22314453125
-0.447723388671875
-0.009033203125
-0.23211669921875
0.13580322265625
-0.15625
0.165374755859375
0.53009033203125
-0.157073974609375
0.1790771484375
0.00177001953125
0.144134521484375
-0.1087646484375
0.100860595703125
-0.043975830078125
0.03045654296875
-0.013336181640625
-0.125518798828125
0.169921875
-0.019683837890625
0.094268798828125
-0.34027099609375
-0.01983642578125
2^15 * input
-22102.0
3616.0
-11389.0
24125.0
28241.0
-4876.0
9815.0
-10257.0
1073.0
-9398.0
8285.0
-7356.0
5138.0
-7649.0
-8397.0
8605.0
-2320.0
7312.0
-14671.0
-296.0
-7606.0
4450.0
-5120.0
5419.0
17370.0
-5147.0
5868.0
58.0
4723.0
-3564.0
3305.0
-1441.0
998.0
-437.0
-4113.0
5568.0
-645.0
3089.0
-11150.0
-650.0
laststates
0.037403106689453125
0.0780181884765625
-0.10968589782714844
0.08392333984375
-0.028638839721679688
0.09694671630859375
0.04415130615234375
0.15074920654296875
2^19 * laststates
19610.0
40904.0
-57507.0
44000.0
-15015.0
50828.0
23148.0
79036.0
currstate
0.16473007202148438
0.07449913024902344
0.04488372802734375
-0.0001888275146484375
0.07493972778320312
-0.012121200561523438
-0.09269523620605469
0.152374267578125
-0.67449951171875
0.1103515625
-0.347564697265625
0.736236572265625
0.861846923828125
-0.1488037109375
0.299530029296875
-0.313018798828125
0.032745361328125
-0.28680419921875
0.252838134765625
-0.2244873046875
0.15679931640625
-0.233428955078125
-0.256256103515625
0.262603759765625
-0.07080078125
0.22314453125
-0.447723388671875
-0.009033203125
-0.23211669921875
0.13580322265625
-0.15625
0.165374755859375
0.53009033203125
-0.157073974609375
0.1790771484375
0.00177001953125
0.144134521484375
-0.1087646484375
0.100860595703125
-0.043975830078125
0.03045654296875
-0.013336181640625
-0.125518798828125
0.169921875
-0.019683837890625
0.094268798828125
-0.34027099609375
-0.01983642578125
2^19 * currstate
86366.0
39059.0
23532.0
-99.0
39290.0
-6355.0
-48599.0
79888.0
-353632.0
57856.0
-182224.0
386000.0
451856.0
-78016.0
157040.0
-164112.0
17168.0
-150368.0
132560.0
-117696.0
82208.0
-122384.0
-134352.0
137680.0
-37120.0
116992.0
-234736.0
-4736.0
-121696.0
71200.0
-81920.0
86704.0
277920.0
-82352.0
93888.0
928.0
75568.0
-57024.0
52880.0
-23056.0
15968.0
-6992.0
-65808.0
89088.0
-10320.0
49424.0
-178400.0
-10400.0
w_out
[ 4.2218750e+01  7.2500000e+01 -2.3218750e+01  8.3375000e+01
 -1.1109375e+02  1.6562500e+00 -1.3615625e+02 -4.1406250e+01
 -4.0625000e-01 -6.5312500e+00  1.0937500e+00 -1.3406250e+01
 -4.4062500e+00  1.3125000e+00 -1.2718750e+01 -1.1218750e+01
  3.1250000e-02 -1.6562500e+00  1.6000000e+01 -1.3593750e+01
 -2.7500000e+00  6.0937500e+00  5.0312500e+00 -2.0312500e+00
 -7.9687500e+00 -4.2812500e+00  2.3437500e+00 -4.1250000e+00
 -4.7187500e+00  1.2500000e-01  5.4687500e+00  1.3593750e+01
 -9.2812500e+00 -1.3937500e+01 -9.2500000e+00 -2.6250000e+00
  1.3000000e+01  5.8750000e+00 -2.3125000e+00 -1.8750000e-01
 -1.8437500e+00 -5.9375000e-01 -1.6562500e+01 -5.2812500e+00
  7.5937500e+00  8.1562500e+00 -8.4375000e+00 -3.6562500e+00]
[  -1.375     55.1875    43.       -44.625    -47.34375  -46.09375
 -215.3125   116.84375    5.65625   -7.03125   -1.15625  -14.53125
  -13.8125     8.90625  -14.3125    -5.53125    5.4375     4.71875
    8.53125   -8.65625    7.75      19.21875   25.5        2.3125
   -5.625     -5.125     16.09375   -9.1875   -10.625    -12.625
   -1.5625    13.625    -10.9375   -16.03125   -2.         5.65625
   -6.625     14.75      -9.53125   10.25      10.90625   12.5625
  -15.625     10.28125   -7.28125    7.96875   -8.78125   -9.28125]
[  0.75     17.53125  18.84375 -63.875    37.3125  -48.8125  -49.34375
  85.8125    4.875     0.96875  -2.40625  -2.65625  -6.75      4.6875
  -2.84375   2.6875    0.6875    4.8125   -0.65625  -0.4375    5.375
  10.6875   11.5625    5.78125   1.84375   1.15625  10.1875   -2.75
  -2.15625  -7.125    -1.3125    1.       -2.375    -2.6875    3.78125
   2.1875   -7.1875    7.25     -5.25      5.71875   4.9375    6.28125
   0.21875   7.34375  -4.9375    1.90625   1.125    -3.4375 ]
[ -9.125   -28.4375   15.3125   39.0625    9.0625   -5.4375  132.75
 -24.375    -3.4375    3.40625   3.15625   6.5625    7.90625  -5.09375
   9.03125  -0.84375  -1.28125  -4.03125  -2.34375   9.59375  -1.
  -7.0625   -9.5       0.59375   0.59375   3.34375  -7.34375   2.125
   6.84375   1.03125   3.46875  -5.40625   3.25      8.46875  -1.59375
  -3.375     3.65625  -8.40625   3.65625  -5.59375  -6.96875  -8.15625
   8.34375  -2.28125   2.1875   -8.21875   6.5       3.78125]
2^-6 * w_out
[ 6.59667969e-01  1.13281250e+00 -3.62792969e-01  1.30273438e+00
 -1.73583984e+00  2.58789062e-02 -2.12744141e+00 -6.46972656e-01
 -6.34765625e-03 -1.02050781e-01  1.70898438e-02 -2.09472656e-01
 -6.88476562e-02  2.05078125e-02 -1.98730469e-01 -1.75292969e-01
  4.88281250e-04 -2.58789062e-02  2.50000000e-01 -2.12402344e-01
 -4.29687500e-02  9.52148438e-02  7.86132812e-02 -3.17382812e-02
 -1.24511719e-01 -6.68945312e-02  3.66210938e-02 -6.44531250e-02
 -7.37304688e-02  1.95312500e-03  8.54492188e-02  2.12402344e-01
 -1.45019531e-01 -2.17773438e-01 -1.44531250e-01 -4.10156250e-02
  2.03125000e-01  9.17968750e-02 -3.61328125e-02 -2.92968750e-03
 -2.88085938e-02 -9.27734375e-03 -2.58789062e-01 -8.25195312e-02
  1.18652344e-01  1.27441406e-01 -1.31835938e-01 -5.71289062e-02]
[-0.02148438  0.86230469  0.671875   -0.69726562 -0.73974609 -0.72021484
 -3.36425781  1.82568359  0.08837891 -0.10986328 -0.01806641 -0.22705078
 -0.21582031  0.13916016 -0.22363281 -0.08642578  0.08496094  0.07373047
  0.13330078 -0.13525391  0.12109375  0.30029297  0.3984375   0.03613281
 -0.08789062 -0.08007812  0.25146484 -0.14355469 -0.16601562 -0.19726562
 -0.02441406  0.21289062 -0.17089844 -0.25048828 -0.03125     0.08837891
 -0.10351562  0.23046875 -0.14892578  0.16015625  0.17041016  0.19628906
 -0.24414062  0.16064453 -0.11376953  0.12451172 -0.13720703 -0.14501953]
[ 0.01171875  0.27392578  0.29443359 -0.99804688  0.58300781 -0.76269531
 -0.77099609  1.34082031  0.07617188  0.01513672 -0.03759766 -0.04150391
 -0.10546875  0.07324219 -0.04443359  0.04199219  0.01074219  0.07519531
 -0.01025391 -0.00683594  0.08398438  0.16699219  0.18066406  0.09033203
  0.02880859  0.01806641  0.15917969 -0.04296875 -0.03369141 -0.11132812
 -0.02050781  0.015625   -0.03710938 -0.04199219  0.05908203  0.03417969
 -0.11230469  0.11328125 -0.08203125  0.08935547  0.07714844  0.09814453
  0.00341797  0.11474609 -0.07714844  0.02978516  0.01757812 -0.05371094]
[-0.14257812 -0.44433594  0.23925781  0.61035156  0.14160156 -0.08496094
  2.07421875 -0.38085938 -0.05371094  0.05322266  0.04931641  0.10253906
  0.12353516 -0.07958984  0.14111328 -0.01318359 -0.02001953 -0.06298828
 -0.03662109  0.14990234 -0.015625   -0.11035156 -0.1484375   0.00927734
  0.00927734  0.05224609 -0.11474609  0.03320312  0.10693359  0.01611328
  0.05419922 -0.08447266  0.05078125  0.13232422 -0.02490234 -0.05273438
  0.05712891 -0.13134766  0.05712891 -0.08740234 -0.10888672 -0.12744141
  0.13037109 -0.03564453  0.03417969 -0.12841797  0.1015625   0.05908203]
predict
0.5900897979736328
-0.6280555725097656
0.27649497985839844
-0.19329261779785156
2^13 * predict
4834.015625
-5145.03125
2265.046875
-1583.453125