-24630
-14471
5620
30775
3999
-31545
19702
-17499
20126
-7349
23825
16195
3685
-23825
-28841
-24815
-29848
-25723
-17975
13958
3913
-31945
-28051
30623
4463
-19444
-16231
15979
-19960
5331
30803
22729
-17049
-408
7861
21560
-22492
-31550
-28179
-894
6968
4512
-11969
32021
5226
-7855
3338
16078
11090
-15406
-28420
-8514
8501
-18994
16564
-28407
-15707
19972
-20091
9139
1616
27840
-15512
-28445
15405
17837
26726
28309
-31853
-17408
7653
29426
29502
3712
27237
9277
-7208
-918
6836
3247
27930
27442
-6889
30360
-21367
-24488
-23915
371
-31357
29358
21437
-31783
-21220
-11005
-24182
20282
-10175
28842
5374
24827
22592
26567
-2629
3037
19569
-14043
-638
6495
-31750
6126
-4346
20143
-12108
25748
5102
-20708
18869
7342
-29235
-5230
11735
27433
-32741
31244
-8088
31049
6862
21551
4896
8393
-14052
5690
16385
23482
16717
12979
23886
-11620
11192
-3219
-7726
-5845
-6456
-11967
7990
-4571
31051
11652
-19754
-4803
-10266
19506
24903
26466
10664
-15059
-16228
23258
1816
19802
4750
15279
1245
17752
4512
-2247
-10309
-28297
-8000
-27549
31641
-20865
20437
24573
12347
4554
-22218
-2170
-10146
-18019
6062
-12303
27283
26845
-15917
-25500
-20121
-27
14980
-19123
-16512
23047
-5514
7647
-17454
-26085
1039
-1498
-22762
7982
2884
10101
-23295
16484
-18215
1268
18697
-31304
-11510
24439
22590
2519
24026
29478
21391
23207
-26296
9915
13337
7224
19635
-30502
17710
15186
-15748
-15920
8670
-10138
19437
-3529
18530
32143
-13090
-23395
26300
2723
31112
8952
32369
3019
1731
-23892
-9456
-31049
-22256
16098
-30775
-8746
23746
12627
12513
-20405
-3807
5346
32096
-19404
-16532
-15586
16395
-2819
-29037
558
-18876
19569
-13282
-30958
6123
22533
-7797
16374
730
2683
30109
19920
-30649
13722
-2293
29330
-18256
-15265
-27428
-4678
-25623
8767
19854
12897
17446
-10324
22665
-4668
21234
8290
-23368
-27630
-31566
-28395
-2714
-25340
-30947
16702
-6891
16183
-3119
-3271
-1437
-1703
19868
-6396
26521
-30339
17948
-24533
7766
-32088
2531
-32570
29569
26568
19396
27215
