524
-3762
-819
-1894
-476
175
-11277
835
3245
-4823
-6962
-4181
-7689
6347
-11870
1024
7573
4076
-392
-9316
-13
2494
15865
-7640
-5707
-1989
4966
-401
-9809
2451
-7385
3817
-1759
-9764
6609
12130
-8563
2915
-1272
6001
15214
10410
-7085
4479
-1899
11503
-6674
-4419
-2654
4203
-6017
-1925
5419
4044
1268
4206
4538
1118
4864
473
-4781
-6260
-4466
7131
-6209
8923
-2198
436
-5781
-4387
-9951
6863
7061
2324
6083
4318
3827
1672
-7718
-459
7711
594
-2362
352
-12851
10070
-1435
-2399
-5890
10310
-430
4101
-5317
-5074
-10322
-4757
-5000
11554
-5134
8482
-10486
13324
21686
-3101
-6755
8788
26892
9576
22275
-27224
7381
-7092
-16477
-22016
17105
7396
-11041
-15176
-50011
8575
6806
-1552
-20133
-1591
17325
6642
12825
6850
5408
7105
-30408
-21833
12826
-8052
-8262
-19368
-37692
-9199
-5611
-21285
-1950
-30710
-18337
6670
2108
-8146
7287
-4153
-1771
5934
15288
-10167
-9842
10480
-4773
16925
24837
4602
21013
12987
6967
-22605
-16910
13936
-811
-13548
-16061
-10867
12920
-2987
-23699
-328
-1928
8998
3312
-23595
8446
24923
11079
-5015
8568
-22419
-309
-10134
6173
-14966
16413
-15932
-1850
-4092
17384
20071
