-364
111
-563
150
111
-112
225
1232
1556
-1289
1686
-736
1504
-672
-374
-1339
369
1251
543
703
-398
299
-1020
46
768
-1287
-247
-1243
1150
236
575
-484
-116
-283
-930
-1436
-206
-920
5
-71
1563
-1096
-392
-77
1358
1275
-486
540
887
-145
1428
-992
505
49
-601
-4893
-5402
4637
-5200
3534
-4012
2563
1949
4874
-1159
-4693
-3243
-4406
2918
-3205
3785
-714
-3910
4933
2308
5195
-3112
-439
-3311
2089
254
2754
4217
5497
467
4584
190
-907
-5345
4287
2304
78
-3830
-3426
1343
-1301
0
60
100
-889
840
-275
39
-2994
-2611
2583
-2108
2563
-769
1321
1333
2416
-663
-2215
-2950
-3867
3093
-3568
2113
-806
-2775
2903
2411
3442
-824
76
-2785
1286
-199
3012
2967
2968
-251
3348
217
-1300
-2737
2649
1926
-215
-1044
-769
366
-278
207
-193
71
1035
-1146
363
-236
3174
2456
-2601
1919
-2970
239
-1447
-1548
-2447
849
2125
3367
4614
-3707
4283
-2349
1055
3091
-2946
-2906
-3716
566
-318
3146
-1405
320
-3600
-3351
-3064
411
-3898
-173
1818
2749
-2900
-2287
425
691
294
-240
63
