1179.340210
-2920.135376
-57861.357910
3118.734009
-445.581055
194.788208
-25674.387939
3567.511475
1167.193604
-2577.461792
62327.906982
2488.174072
1311.723267
-1647.423706
115818.722778
-679.089966
1310.890015
732.640625
98115.093018
 62.344849
2067.676270
1604.867554
42646.940186
172.032471
1099.924561
358.577759
44698.031494
442.723511
1308.336548
682.968994
137373.956177
-1204.855957
219.538208
-627.375366
44214.194702
197.125244
-2886.894287
-82.437744
-79356.858887
-1399.596924
-1479.582397
-1191.305542
-10681.845215
339.349487
-1947.586182
 21.350708
-5170.517334
-45.854004
-796.923096
1275.309082
47500.993408
-2075.096680
-1898.018433
-1080.962524
50958.335205
-1006.235596
-3034.089111
837.725952
-101387.208252
-860.834351
716.966431
1418.480103
-182354.800903
1340.699951
463.411865
-698.029419
-75954.825806
 17.776123
551.637207
-119.720215
-43985.748047
560.279419
-1162.558838
1103.972656
-13315.893433
-152.947632
-1431.223022
155.099365
83497.784790
-1673.541504
1477.387085
-356.656372
-62778.124878
206.932861
2354.420410
2225.660522
-5608.363037
-73.395386
969.842407
2354.754761
4819.017090
759.682373
603.193848
1708.838379
-122684.909424
  1.492310
338.788818
1300.383911
-40402.737793
-466.841309
-1735.772461
-1508.902588
-76470.210083
326.644287
1430.801636
-1821.509888
-55565.443726
-407.569824
1791.792480
-32.146118
32980.656982
1044.677734
-1523.192993
402.257935
16967.901123
3520.895996
971.616943
1277.972656
22851.153320
-535.631836
2660.193359
-275.904053
12613.662354
-1460.062500
 75.773071
1848.114136
-44917.095337
363.348511
499.948853
2122.857300
-19728.854126
-1288.745117
-109.151245
-697.578491
8542.447510
409.999756
-756.708374
273.223022
58714.076050
735.929810
245.147583
-964.380615
69242.635986
-482.515259
-1660.339844
376.186768
-117542.049194
-2174.777710
484.526001
853.473267
-48372.102295
-1270.378784
591.901611
215.154541
76923.623657
-462.060181
-538.945190
290.322021
45239.751343
1005.290894
-820.663574
113.031860
-5397.484985
324.370483
-2923.325562
 63.508789
93056.187256
-686.801147
1461.345947
407.985718
145548.464478
2070.444336
1546.667969
1788.585205
-111957.312866
1836.544434
-710.297974
-1138.681152
-81680.320923
347.029663
-709.439697
-1098.457397
51243.364258
926.960083
791.963013
-1744.886230
39856.436401
-1108.582764
1059.593872
-1917.298706
94245.671021
-1767.851196
-4164.793091
-523.472046
-49017.638428
1661.800659
196.294189
-79.106445
-72110.907959
-435.681519
1993.348999
2758.222168
11536.802368
-1119.295410
-1306.103638
-406.245850
2714.283203
500.634521
267.644531
-299.603394
41747.789185
-2984.989136
-1183.683472
-522.331787
145926.348999
-218.177368
-726.085815
-730.306885
37869.284790
349.436035
2170.102661
1780.835938
-67256.110107
409.904175
975.312134
-3136.904907
8067.142334
1343.783813
 19.923828
-1296.281738
-22448.577393
-103.765259
-288.016724
333.415283
36504.506714
2142.391968
-2189.164307
-1882.451904
2344.820435
-1824.121460
-1080.130249
-749.827881
-40885.010376
324.233154
-51.522095
1046.406006
7032.073486
1806.428223
1030.270264
-361.114502
-94783.508423
-558.699585
1445.787354
-1554.694214
-103154.284302
174.811890
-831.906616
2347.567749
-53511.689819
-1468.530151
-208.945068
 23.531616
-29108.779663
3006.872925
1096.155518
-2213.503418
74623.381470
1537.602051
1049.098633
-1439.577515
131453.662109
-1043.323120
1278.419434
342.655762
103537.673706
478.388306
1605.927856
1484.453613
31232.970825
-628.541382
744.492310
-16.469604
41662.242188
-22.823364
1313.499390
560.229736
116908.972534
-512.928101
-41.465088
-1032.255005
71399.501831
569.809814
-2975.753418
-127.169434
-82078.282837
-2497.540527
-1838.023315
-922.278076
19173.842041
-78.939087
-1413.904053
-446.366333
-31022.519043
589.264038
-1047.918457
2010.208374
33186.370239
-2092.352051
-1224.666504
-1361.860474
123796.659790
-1007.449463
-3185.493774
565.476074
-24618.205322
-31.940430
515.698364
1320.351807
-78126.388672
316.131104
604.508057
368.069946
-49878.179932
-1220.758789
-654.263184
1129.743896
-39586.174316
1913.388794
485.802734
-346.653442
-74748.743896
-577.916016
-2068.733276
-19.669067
103681.366699
-2668.710449
-952.075317
-1057.783569
167653.354492
-116.317871
1242.338867
785.178467
174989.257324
-385.758911
1370.632080
-163.233765
119126.578003
621.734741
-569.494385
559.356934
7626.484009
1428.308472
1532.409180
1088.188477
-10034.426758
588.160522
442.193481
-1762.029175
4924.695068
-377.731323
-3555.472412
 43.722656
64322.126953
1022.415405
-2960.552612
-4008.421143
-35983.246704
-1491.425049
-459.750610
-4108.042969
-109373.692749
-285.137939
 54.684692
-570.297241
-68537.378296
1634.187012
-817.691650
873.216797
-69334.744995
-688.390747
 95.795898
1047.702515
-13249.168457
1684.625854
-1282.591797
-1503.473389
-31562.973755
1297.771118
774.388428
-985.056030
-16945.060303
390.007202
2093.617432
1214.267944
-90998.746704
-3222.377319
675.551392
2390.777100
-30747.455444
-607.994995
940.244385
768.649780
51083.308350
2342.150269
-27.060913
-364.195068
12806.470215
-1613.723022
 49.267090
1807.228271
42988.472900
-691.243530
211.642090
-118.157837
-102940.627563
 49.853760
1465.572144
1408.301758
-78122.615479
481.380737
1016.439697
748.199585
