0
0
-1306
0
1456
0
0
0
2211
2319
0
0
0
496
-823
818
-319
0
1114
0
0
-1105
1348
0
-1763
-523
-1164
1551
0
-645
0
2307
-1228
-1208
0
-151
2066
0
0
0
-82
-1274
2771
-1206
0
0
0
-394
1531
-2273
1887
0
169
1343
0
0
0
-733
0
-226
-2387
-1890
-2437
0
-697
-2007
1939
0
0
0
101
-1270
-474
0
0
353
0
0
-1726
554
0
2208
0
-1999
0
0
1952
-613
0
0
818
143
0
-405
0
0
-2051
-1118
1578
0
0
-2730
1785
-1688
0
0
-487
0
0
-666
873
1465
0
2259
-2110
0
-2032
-129
0
0
0
-1940
-1876
0
0
1010
246
2209
0
432
1410
0
-2689
2504
-1112
0
266
1255
0
1224
0
-2231
853
0
1785
2593
254
0
2656
1665
0
-1969
1702
1369
0
0
2033
0
2144
0
0
0
204
2159
0
-2103
0
0
2565
0
-919
-1344
0
-1523
0
-2614
-35
-1411
-147
2579
-1420
0
-1101
0
2061
889
2678
904
511
0
0
-2278
2000
1810
0
-1369
0
1966
0
0
-1619
0
0
0
2431
0
0
0
846
1318
1032
1369
-478
2089
-206
-372
-2669
-2779
-1453
-2104
0
1305
0
404
1580
0
0
-719
0
0
-576
682
0
1614
2654
-748
-734
0
2513
0
0
0
1724
0
-2091
1122
996
0
0
-1843
586
0
-602
1928
-2221
-86
